0 0 1.500000000000000000e+00
1 1 5.000000000000000000e-01
1 2 1.000000000000000000e+00
1 32 1.000000000000000000e+00
2 1 1.000000000000000000e+00
2 2 5.000000000000000000e-01
2 4 1.000000000000000000e+00
3 3 5.000000000000000000e-01
3 5 1.000000000000000000e+00
3 34 1.000000000000000000e+00
4 2 1.000000000000000000e+00
4 4 5.000000000000000000e-01
4 8 1.000000000000000000e+00
5 3 1.000000000000000000e+00
5 5 -5.000000000000000000e-01
5 6 1.000000000000000000e+00
5 9 1.000000000000000000e+00
5 36 1.000000000000000000e+00
6 5 1.000000000000000000e+00
6 6 5.000000000000000000e-01
6 10 1.000000000000000000e+00
7 7 5.000000000000000000e-01
7 11 1.000000000000000000e+00
7 38 1.000000000000000000e+00
8 4 1.000000000000000000e+00
8 8 5.000000000000000000e-01
8 16 1.000000000000000000e+00
9 5 1.000000000000000000e+00
9 9 -5.000000000000000000e-01
9 10 1.000000000000000000e+00
9 17 1.000000000000000000e+00
9 40 1.000000000000000000e+00
10 6 1.000000000000000000e+00
10 9 1.000000000000000000e+00
10 10 -5.000000000000000000e-01
10 12 1.000000000000000000e+00
10 18 1.000000000000000000e+00
11 7 1.000000000000000000e+00
11 11 -5.000000000000000000e-01
11 13 1.000000000000000000e+00
11 19 1.000000000000000000e+00
11 42 1.000000000000000000e+00
12 10 1.000000000000000000e+00
12 12 5.000000000000000000e-01
12 20 1.000000000000000000e+00
13 11 1.000000000000000000e+00
13 13 -5.000000000000000000e-01
13 14 1.000000000000000000e+00
13 21 1.000000000000000000e+00
13 44 1.000000000000000000e+00
14 13 1.000000000000000000e+00
14 14 5.000000000000000000e-01
14 22 1.000000000000000000e+00
15 15 5.000000000000000000e-01
15 23 1.000000000000000000e+00
15 46 1.000000000000000000e+00
16 8 1.000000000000000000e+00
16 16 5.000000000000000000e-01
16 32 1.000000000000000000e+00
17 9 1.000000000000000000e+00
17 17 -5.000000000000000000e-01
17 18 1.000000000000000000e+00
17 33 1.000000000000000000e+00
17 48 1.000000000000000000e+00
18 10 1.000000000000000000e+00
18 17 1.000000000000000000e+00
18 18 -5.000000000000000000e-01
18 20 1.000000000000000000e+00
18 34 1.000000000000000000e+00
19 11 1.000000000000000000e+00
19 19 -5.000000000000000000e-01
19 21 1.000000000000000000e+00
19 35 1.000000000000000000e+00
19 50 1.000000000000000000e+00
20 12 1.000000000000000000e+00
20 18 1.000000000000000000e+00
20 20 -5.000000000000000000e-01
20 24 1.000000000000000000e+00
20 36 1.000000000000000000e+00
21 13 1.000000000000000000e+00
21 19 1.000000000000000000e+00
21 21 -1.500000000000000000e+00
21 22 1.000000000000000000e+00
21 25 1.000000000000000000e+00
21 37 1.000000000000000000e+00
21 52 1.000000000000000000e+00
22 14 1.000000000000000000e+00
22 21 1.000000000000000000e+00
22 22 -5.000000000000000000e-01
22 26 1.000000000000000000e+00
22 38 1.000000000000000000e+00
23 15 1.000000000000000000e+00
23 23 -5.000000000000000000e-01
23 27 1.000000000000000000e+00
23 39 1.000000000000000000e+00
23 54 1.000000000000000000e+00
24 20 1.000000000000000000e+00
24 24 5.000000000000000000e-01
24 40 1.000000000000000000e+00
25 21 1.000000000000000000e+00
25 25 -5.000000000000000000e-01
25 26 1.000000000000000000e+00
25 41 1.000000000000000000e+00
25 56 1.000000000000000000e+00
26 22 1.000000000000000000e+00
26 25 1.000000000000000000e+00
26 26 -5.000000000000000000e-01
26 28 1.000000000000000000e+00
26 42 1.000000000000000000e+00
27 23 1.000000000000000000e+00
27 27 -5.000000000000000000e-01
27 29 1.000000000000000000e+00
27 43 1.000000000000000000e+00
27 58 1.000000000000000000e+00
28 26 1.000000000000000000e+00
28 28 5.000000000000000000e-01
28 44 1.000000000000000000e+00
29 27 1.000000000000000000e+00
29 29 -5.000000000000000000e-01
29 30 1.000000000000000000e+00
29 45 1.000000000000000000e+00
29 60 1.000000000000000000e+00
30 29 1.000000000000000000e+00
30 30 5.000000000000000000e-01
30 46 1.000000000000000000e+00
31 31 5.000000000000000000e-01
31 47 1.000000000000000000e+00
31 62 1.000000000000000000e+00
32 1 1.000000000000000000e+00
32 16 1.000000000000000000e+00
32 32 5.000000000000000000e-01
33 17 1.000000000000000000e+00
33 33 5.000000000000000000e-01
33 34 1.000000000000000000e+00
34 3 1.000000000000000000e+00
34 18 1.000000000000000000e+00
34 33 1.000000000000000000e+00
34 34 -5.000000000000000000e-01
34 36 1.000000000000000000e+00
35 19 1.000000000000000000e+00
35 35 5.000000000000000000e-01
35 37 1.000000000000000000e+00
36 5 1.000000000000000000e+00
36 20 1.000000000000000000e+00
36 34 1.000000000000000000e+00
36 36 -5.000000000000000000e-01
36 40 1.000000000000000000e+00
37 21 1.000000000000000000e+00
37 35 1.000000000000000000e+00
37 37 -5.000000000000000000e-01
37 38 1.000000000000000000e+00
37 41 1.000000000000000000e+00
38 7 1.000000000000000000e+00
38 22 1.000000000000000000e+00
38 37 1.000000000000000000e+00
38 38 -5.000000000000000000e-01
38 42 1.000000000000000000e+00
39 23 1.000000000000000000e+00
39 39 5.000000000000000000e-01
39 43 1.000000000000000000e+00
40 9 1.000000000000000000e+00
40 24 1.000000000000000000e+00
40 36 1.000000000000000000e+00
40 40 -5.000000000000000000e-01
40 48 1.000000000000000000e+00
41 25 1.000000000000000000e+00
41 37 1.000000000000000000e+00
41 41 -5.000000000000000000e-01
41 42 1.000000000000000000e+00
41 49 1.000000000000000000e+00
42 11 1.000000000000000000e+00
42 26 1.000000000000000000e+00
42 38 1.000000000000000000e+00
42 41 1.000000000000000000e+00
42 42 -1.500000000000000000e+00
42 44 1.000000000000000000e+00
42 50 1.000000000000000000e+00
43 27 1.000000000000000000e+00
43 39 1.000000000000000000e+00
43 43 -5.000000000000000000e-01
43 45 1.000000000000000000e+00
43 51 1.000000000000000000e+00
44 13 1.000000000000000000e+00
44 28 1.000000000000000000e+00
44 42 1.000000000000000000e+00
44 44 -5.000000000000000000e-01
44 52 1.000000000000000000e+00
45 29 1.000000000000000000e+00
45 43 1.000000000000000000e+00
45 45 -5.000000000000000000e-01
45 46 1.000000000000000000e+00
45 53 1.000000000000000000e+00
46 15 1.000000000000000000e+00
46 30 1.000000000000000000e+00
46 45 1.000000000000000000e+00
46 46 -5.000000000000000000e-01
46 54 1.000000000000000000e+00
47 31 1.000000000000000000e+00
47 47 5.000000000000000000e-01
47 55 1.000000000000000000e+00
48 17 1.000000000000000000e+00
48 40 1.000000000000000000e+00
48 48 5.000000000000000000e-01
49 41 1.000000000000000000e+00
49 49 5.000000000000000000e-01
49 50 1.000000000000000000e+00
50 19 1.000000000000000000e+00
50 42 1.000000000000000000e+00
50 49 1.000000000000000000e+00
50 50 -5.000000000000000000e-01
50 52 1.000000000000000000e+00
51 43 1.000000000000000000e+00
51 51 5.000000000000000000e-01
51 53 1.000000000000000000e+00
52 21 1.000000000000000000e+00
52 44 1.000000000000000000e+00
52 50 1.000000000000000000e+00
52 52 -5.000000000000000000e-01
52 56 1.000000000000000000e+00
53 45 1.000000000000000000e+00
53 51 1.000000000000000000e+00
53 53 -5.000000000000000000e-01
53 54 1.000000000000000000e+00
53 57 1.000000000000000000e+00
54 23 1.000000000000000000e+00
54 46 1.000000000000000000e+00
54 53 1.000000000000000000e+00
54 54 -5.000000000000000000e-01
54 58 1.000000000000000000e+00
55 47 1.000000000000000000e+00
55 55 5.000000000000000000e-01
55 59 1.000000000000000000e+00
56 25 1.000000000000000000e+00
56 52 1.000000000000000000e+00
56 56 5.000000000000000000e-01
57 53 1.000000000000000000e+00
57 57 5.000000000000000000e-01
57 58 1.000000000000000000e+00
58 27 1.000000000000000000e+00
58 54 1.000000000000000000e+00
58 57 1.000000000000000000e+00
58 58 -5.000000000000000000e-01
58 60 1.000000000000000000e+00
59 55 1.000000000000000000e+00
59 59 5.000000000000000000e-01
59 61 1.000000000000000000e+00
60 29 1.000000000000000000e+00
60 58 1.000000000000000000e+00
60 60 5.000000000000000000e-01
61 59 1.000000000000000000e+00
61 61 5.000000000000000000e-01
61 62 1.000000000000000000e+00
62 31 1.000000000000000000e+00
62 61 1.000000000000000000e+00
62 62 5.000000000000000000e-01
63 63 1.500000000000000000e+00
