0 0 2.000000000000000000e+00
1 1 1.000000000000000000e+00
1 2 1.000000000000000000e+00
1 128 1.000000000000000000e+00
2 1 1.000000000000000000e+00
2 2 1.000000000000000000e+00
2 4 1.000000000000000000e+00
3 3 1.000000000000000000e+00
3 5 1.000000000000000000e+00
3 130 1.000000000000000000e+00
4 2 1.000000000000000000e+00
4 4 1.000000000000000000e+00
4 8 1.000000000000000000e+00
5 3 1.000000000000000000e+00
5 6 1.000000000000000000e+00
5 9 1.000000000000000000e+00
5 132 1.000000000000000000e+00
6 5 1.000000000000000000e+00
6 6 1.000000000000000000e+00
6 10 1.000000000000000000e+00
7 7 1.000000000000000000e+00
7 11 1.000000000000000000e+00
7 134 1.000000000000000000e+00
8 4 1.000000000000000000e+00
8 8 1.000000000000000000e+00
8 16 1.000000000000000000e+00
9 5 1.000000000000000000e+00
9 10 1.000000000000000000e+00
9 17 1.000000000000000000e+00
9 136 1.000000000000000000e+00
10 6 1.000000000000000000e+00
10 9 1.000000000000000000e+00
10 12 1.000000000000000000e+00
10 18 1.000000000000000000e+00
11 7 1.000000000000000000e+00
11 13 1.000000000000000000e+00
11 19 1.000000000000000000e+00
11 138 1.000000000000000000e+00
12 10 1.000000000000000000e+00
12 12 1.000000000000000000e+00
12 20 1.000000000000000000e+00
13 11 1.000000000000000000e+00
13 14 1.000000000000000000e+00
13 21 1.000000000000000000e+00
13 140 1.000000000000000000e+00
14 13 1.000000000000000000e+00
14 14 1.000000000000000000e+00
14 22 1.000000000000000000e+00
15 15 1.000000000000000000e+00
15 23 1.000000000000000000e+00
15 142 1.000000000000000000e+00
16 8 1.000000000000000000e+00
16 16 1.000000000000000000e+00
16 32 1.000000000000000000e+00
17 9 1.000000000000000000e+00
17 18 1.000000000000000000e+00
17 33 1.000000000000000000e+00
17 144 1.000000000000000000e+00
18 10 1.000000000000000000e+00
18 17 1.000000000000000000e+00
18 20 1.000000000000000000e+00
18 34 1.000000000000000000e+00
19 11 1.000000000000000000e+00
19 21 1.000000000000000000e+00
19 35 1.000000000000000000e+00
19 146 1.000000000000000000e+00
20 12 1.000000000000000000e+00
20 18 1.000000000000000000e+00
20 24 1.000000000000000000e+00
20 36 1.000000000000000000e+00
21 13 1.000000000000000000e+00
21 19 1.000000000000000000e+00
21 21 -1.000000000000000000e+00
21 22 1.000000000000000000e+00
21 25 1.000000000000000000e+00
21 37 1.000000000000000000e+00
21 148 1.000000000000000000e+00
22 14 1.000000000000000000e+00
22 21 1.000000000000000000e+00
22 26 1.000000000000000000e+00
22 38 1.000000000000000000e+00
23 15 1.000000000000000000e+00
23 27 1.000000000000000000e+00
23 39 1.000000000000000000e+00
23 150 1.000000000000000000e+00
24 20 1.000000000000000000e+00
24 24 1.000000000000000000e+00
24 40 1.000000000000000000e+00
25 21 1.000000000000000000e+00
25 26 1.000000000000000000e+00
25 41 1.000000000000000000e+00
25 152 1.000000000000000000e+00
26 22 1.000000000000000000e+00
26 25 1.000000000000000000e+00
26 28 1.000000000000000000e+00
26 42 1.000000000000000000e+00
27 23 1.000000000000000000e+00
27 29 1.000000000000000000e+00
27 43 1.000000000000000000e+00
27 154 1.000000000000000000e+00
28 26 1.000000000000000000e+00
28 28 1.000000000000000000e+00
28 44 1.000000000000000000e+00
29 27 1.000000000000000000e+00
29 30 1.000000000000000000e+00
29 45 1.000000000000000000e+00
29 156 1.000000000000000000e+00
30 29 1.000000000000000000e+00
30 30 1.000000000000000000e+00
30 46 1.000000000000000000e+00
31 31 1.000000000000000000e+00
31 47 1.000000000000000000e+00
31 158 1.000000000000000000e+00
32 16 1.000000000000000000e+00
32 32 1.000000000000000000e+00
32 64 1.000000000000000000e+00
33 17 1.000000000000000000e+00
33 34 1.000000000000000000e+00
33 65 1.000000000000000000e+00
33 160 1.000000000000000000e+00
34 18 1.000000000000000000e+00
34 33 1.000000000000000000e+00
34 36 1.000000000000000000e+00
34 66 1.000000000000000000e+00
35 19 1.000000000000000000e+00
35 37 1.000000000000000000e+00
35 67 1.000000000000000000e+00
35 162 1.000000000000000000e+00
36 20 1.000000000000000000e+00
36 34 1.000000000000000000e+00
36 40 1.000000000000000000e+00
36 68 1.000000000000000000e+00
37 21 1.000000000000000000e+00
37 35 1.000000000000000000e+00
37 37 -1.000000000000000000e+00
37 38 1.000000000000000000e+00
37 41 1.000000000000000000e+00
37 69 1.000000000000000000e+00
37 164 1.000000000000000000e+00
38 22 1.000000000000000000e+00
38 37 1.000000000000000000e+00
38 42 1.000000000000000000e+00
38 70 1.000000000000000000e+00
39 23 1.000000000000000000e+00
39 43 1.000000000000000000e+00
39 71 1.000000000000000000e+00
39 166 1.000000000000000000e+00
40 24 1.000000000000000000e+00
40 36 1.000000000000000000e+00
40 48 1.000000000000000000e+00
40 72 1.000000000000000000e+00
41 25 1.000000000000000000e+00
41 37 1.000000000000000000e+00
41 41 -1.000000000000000000e+00
41 42 1.000000000000000000e+00
41 49 1.000000000000000000e+00
41 73 1.000000000000000000e+00
41 168 1.000000000000000000e+00
42 26 1.000000000000000000e+00
42 38 1.000000000000000000e+00
42 41 1.000000000000000000e+00
42 42 -1.000000000000000000e+00
42 44 1.000000000000000000e+00
42 50 1.000000000000000000e+00
42 74 1.000000000000000000e+00
43 27 1.000000000000000000e+00
43 39 1.000000000000000000e+00
43 43 -1.000000000000000000e+00
43 45 1.000000000000000000e+00
43 51 1.000000000000000000e+00
43 75 1.000000000000000000e+00
43 170 1.000000000000000000e+00
44 28 1.000000000000000000e+00
44 42 1.000000000000000000e+00
44 52 1.000000000000000000e+00
44 76 1.000000000000000000e+00
45 29 1.000000000000000000e+00
45 43 1.000000000000000000e+00
45 45 -1.000000000000000000e+00
45 46 1.000000000000000000e+00
45 53 1.000000000000000000e+00
45 77 1.000000000000000000e+00
45 172 1.000000000000000000e+00
46 30 1.000000000000000000e+00
46 45 1.000000000000000000e+00
46 54 1.000000000000000000e+00
46 78 1.000000000000000000e+00
47 31 1.000000000000000000e+00
47 55 1.000000000000000000e+00
47 79 1.000000000000000000e+00
47 174 1.000000000000000000e+00
48 40 1.000000000000000000e+00
48 48 1.000000000000000000e+00
48 80 1.000000000000000000e+00
49 41 1.000000000000000000e+00
49 50 1.000000000000000000e+00
49 81 1.000000000000000000e+00
49 176 1.000000000000000000e+00
50 42 1.000000000000000000e+00
50 49 1.000000000000000000e+00
50 52 1.000000000000000000e+00
50 82 1.000000000000000000e+00
51 43 1.000000000000000000e+00
51 53 1.000000000000000000e+00
51 83 1.000000000000000000e+00
51 178 1.000000000000000000e+00
52 44 1.000000000000000000e+00
52 50 1.000000000000000000e+00
52 56 1.000000000000000000e+00
52 84 1.000000000000000000e+00
53 45 1.000000000000000000e+00
53 51 1.000000000000000000e+00
53 53 -1.000000000000000000e+00
53 54 1.000000000000000000e+00
53 57 1.000000000000000000e+00
53 85 1.000000000000000000e+00
53 180 1.000000000000000000e+00
54 46 1.000000000000000000e+00
54 53 1.000000000000000000e+00
54 58 1.000000000000000000e+00
54 86 1.000000000000000000e+00
55 47 1.000000000000000000e+00
55 59 1.000000000000000000e+00
55 87 1.000000000000000000e+00
55 182 1.000000000000000000e+00
56 52 1.000000000000000000e+00
56 56 1.000000000000000000e+00
56 88 1.000000000000000000e+00
57 53 1.000000000000000000e+00
57 58 1.000000000000000000e+00
57 89 1.000000000000000000e+00
57 184 1.000000000000000000e+00
58 54 1.000000000000000000e+00
58 57 1.000000000000000000e+00
58 60 1.000000000000000000e+00
58 90 1.000000000000000000e+00
59 55 1.000000000000000000e+00
59 61 1.000000000000000000e+00
59 91 1.000000000000000000e+00
59 186 1.000000000000000000e+00
60 58 1.000000000000000000e+00
60 60 1.000000000000000000e+00
60 92 1.000000000000000000e+00
61 59 1.000000000000000000e+00
61 62 1.000000000000000000e+00
61 93 1.000000000000000000e+00
61 188 1.000000000000000000e+00
62 61 1.000000000000000000e+00
62 62 1.000000000000000000e+00
62 94 1.000000000000000000e+00
63 63 1.000000000000000000e+00
63 95 1.000000000000000000e+00
63 190 1.000000000000000000e+00
64 32 1.000000000000000000e+00
64 64 1.000000000000000000e+00
64 128 1.000000000000000000e+00
65 33 1.000000000000000000e+00
65 66 1.000000000000000000e+00
65 129 1.000000000000000000e+00
65 192 1.000000000000000000e+00
66 34 1.000000000000000000e+00
66 65 1.000000000000000000e+00
66 68 1.000000000000000000e+00
66 130 1.000000000000000000e+00
67 35 1.000000000000000000e+00
67 69 1.000000000000000000e+00
67 131 1.000000000000000000e+00
67 194 1.000000000000000000e+00
68 36 1.000000000000000000e+00
68 66 1.000000000000000000e+00
68 72 1.000000000000000000e+00
68 132 1.000000000000000000e+00
69 37 1.000000000000000000e+00
69 67 1.000000000000000000e+00
69 69 -1.000000000000000000e+00
69 70 1.000000000000000000e+00
69 73 1.000000000000000000e+00
69 133 1.000000000000000000e+00
69 196 1.000000000000000000e+00
70 38 1.000000000000000000e+00
70 69 1.000000000000000000e+00
70 74 1.000000000000000000e+00
70 134 1.000000000000000000e+00
71 39 1.000000000000000000e+00
71 75 1.000000000000000000e+00
71 135 1.000000000000000000e+00
71 198 1.000000000000000000e+00
72 40 1.000000000000000000e+00
72 68 1.000000000000000000e+00
72 80 1.000000000000000000e+00
72 136 1.000000000000000000e+00
73 41 1.000000000000000000e+00
73 69 1.000000000000000000e+00
73 73 -1.000000000000000000e+00
73 74 1.000000000000000000e+00
73 81 1.000000000000000000e+00
73 137 1.000000000000000000e+00
73 200 1.000000000000000000e+00
74 42 1.000000000000000000e+00
74 70 1.000000000000000000e+00
74 73 1.000000000000000000e+00
74 74 -1.000000000000000000e+00
74 76 1.000000000000000000e+00
74 82 1.000000000000000000e+00
74 138 1.000000000000000000e+00
75 43 1.000000000000000000e+00
75 71 1.000000000000000000e+00
75 75 -1.000000000000000000e+00
75 77 1.000000000000000000e+00
75 83 1.000000000000000000e+00
75 139 1.000000000000000000e+00
75 202 1.000000000000000000e+00
76 44 1.000000000000000000e+00
76 74 1.000000000000000000e+00
76 84 1.000000000000000000e+00
76 140 1.000000000000000000e+00
77 45 1.000000000000000000e+00
77 75 1.000000000000000000e+00
77 77 -1.000000000000000000e+00
77 78 1.000000000000000000e+00
77 85 1.000000000000000000e+00
77 141 1.000000000000000000e+00
77 204 1.000000000000000000e+00
78 46 1.000000000000000000e+00
78 77 1.000000000000000000e+00
78 86 1.000000000000000000e+00
78 142 1.000000000000000000e+00
79 47 1.000000000000000000e+00
79 87 1.000000000000000000e+00
79 143 1.000000000000000000e+00
79 206 1.000000000000000000e+00
80 48 1.000000000000000000e+00
80 72 1.000000000000000000e+00
80 96 1.000000000000000000e+00
80 144 1.000000000000000000e+00
81 49 1.000000000000000000e+00
81 73 1.000000000000000000e+00
81 81 -1.000000000000000000e+00
81 82 1.000000000000000000e+00
81 97 1.000000000000000000e+00
81 145 1.000000000000000000e+00
81 208 1.000000000000000000e+00
82 50 1.000000000000000000e+00
82 74 1.000000000000000000e+00
82 81 1.000000000000000000e+00
82 82 -1.000000000000000000e+00
82 84 1.000000000000000000e+00
82 98 1.000000000000000000e+00
82 146 1.000000000000000000e+00
83 51 1.000000000000000000e+00
83 75 1.000000000000000000e+00
83 83 -1.000000000000000000e+00
83 85 1.000000000000000000e+00
83 99 1.000000000000000000e+00
83 147 1.000000000000000000e+00
83 210 1.000000000000000000e+00
84 52 1.000000000000000000e+00
84 76 1.000000000000000000e+00
84 82 1.000000000000000000e+00
84 84 -1.000000000000000000e+00
84 88 1.000000000000000000e+00
84 100 1.000000000000000000e+00
84 148 1.000000000000000000e+00
85 53 1.000000000000000000e+00
85 77 1.000000000000000000e+00
85 83 1.000000000000000000e+00
85 85 -2.000000000000000000e+00
85 86 1.000000000000000000e+00
85 89 1.000000000000000000e+00
85 101 1.000000000000000000e+00
85 149 1.000000000000000000e+00
85 212 1.000000000000000000e+00
86 54 1.000000000000000000e+00
86 78 1.000000000000000000e+00
86 85 1.000000000000000000e+00
86 86 -1.000000000000000000e+00
86 90 1.000000000000000000e+00
86 102 1.000000000000000000e+00
86 150 1.000000000000000000e+00
87 55 1.000000000000000000e+00
87 79 1.000000000000000000e+00
87 87 -1.000000000000000000e+00
87 91 1.000000000000000000e+00
87 103 1.000000000000000000e+00
87 151 1.000000000000000000e+00
87 214 1.000000000000000000e+00
88 56 1.000000000000000000e+00
88 84 1.000000000000000000e+00
88 104 1.000000000000000000e+00
88 152 1.000000000000000000e+00
89 57 1.000000000000000000e+00
89 85 1.000000000000000000e+00
89 89 -1.000000000000000000e+00
89 90 1.000000000000000000e+00
89 105 1.000000000000000000e+00
89 153 1.000000000000000000e+00
89 216 1.000000000000000000e+00
90 58 1.000000000000000000e+00
90 86 1.000000000000000000e+00
90 89 1.000000000000000000e+00
90 90 -1.000000000000000000e+00
90 92 1.000000000000000000e+00
90 106 1.000000000000000000e+00
90 154 1.000000000000000000e+00
91 59 1.000000000000000000e+00
91 87 1.000000000000000000e+00
91 91 -1.000000000000000000e+00
91 93 1.000000000000000000e+00
91 107 1.000000000000000000e+00
91 155 1.000000000000000000e+00
91 218 1.000000000000000000e+00
92 60 1.000000000000000000e+00
92 90 1.000000000000000000e+00
92 108 1.000000000000000000e+00
92 156 1.000000000000000000e+00
93 61 1.000000000000000000e+00
93 91 1.000000000000000000e+00
93 93 -1.000000000000000000e+00
93 94 1.000000000000000000e+00
93 109 1.000000000000000000e+00
93 157 1.000000000000000000e+00
93 220 1.000000000000000000e+00
94 62 1.000000000000000000e+00
94 93 1.000000000000000000e+00
94 110 1.000000000000000000e+00
94 158 1.000000000000000000e+00
95 63 1.000000000000000000e+00
95 111 1.000000000000000000e+00
95 159 1.000000000000000000e+00
95 222 1.000000000000000000e+00
96 80 1.000000000000000000e+00
96 96 1.000000000000000000e+00
96 160 1.000000000000000000e+00
97 81 1.000000000000000000e+00
97 98 1.000000000000000000e+00
97 161 1.000000000000000000e+00
97 224 1.000000000000000000e+00
98 82 1.000000000000000000e+00
98 97 1.000000000000000000e+00
98 100 1.000000000000000000e+00
98 162 1.000000000000000000e+00
99 83 1.000000000000000000e+00
99 101 1.000000000000000000e+00
99 163 1.000000000000000000e+00
99 226 1.000000000000000000e+00
100 84 1.000000000000000000e+00
100 98 1.000000000000000000e+00
100 104 1.000000000000000000e+00
100 164 1.000000000000000000e+00
101 85 1.000000000000000000e+00
101 99 1.000000000000000000e+00
101 101 -1.000000000000000000e+00
101 102 1.000000000000000000e+00
101 105 1.000000000000000000e+00
101 165 1.000000000000000000e+00
101 228 1.000000000000000000e+00
102 86 1.000000000000000000e+00
102 101 1.000000000000000000e+00
102 106 1.000000000000000000e+00
102 166 1.000000000000000000e+00
103 87 1.000000000000000000e+00
103 107 1.000000000000000000e+00
103 167 1.000000000000000000e+00
103 230 1.000000000000000000e+00
104 88 1.000000000000000000e+00
104 100 1.000000000000000000e+00
104 112 1.000000000000000000e+00
104 168 1.000000000000000000e+00
105 89 1.000000000000000000e+00
105 101 1.000000000000000000e+00
105 105 -1.000000000000000000e+00
105 106 1.000000000000000000e+00
105 113 1.000000000000000000e+00
105 169 1.000000000000000000e+00
105 232 1.000000000000000000e+00
106 90 1.000000000000000000e+00
106 102 1.000000000000000000e+00
106 105 1.000000000000000000e+00
106 106 -1.000000000000000000e+00
106 108 1.000000000000000000e+00
106 114 1.000000000000000000e+00
106 170 1.000000000000000000e+00
107 91 1.000000000000000000e+00
107 103 1.000000000000000000e+00
107 107 -1.000000000000000000e+00
107 109 1.000000000000000000e+00
107 115 1.000000000000000000e+00
107 171 1.000000000000000000e+00
107 234 1.000000000000000000e+00
108 92 1.000000000000000000e+00
108 106 1.000000000000000000e+00
108 116 1.000000000000000000e+00
108 172 1.000000000000000000e+00
109 93 1.000000000000000000e+00
109 107 1.000000000000000000e+00
109 109 -1.000000000000000000e+00
109 110 1.000000000000000000e+00
109 117 1.000000000000000000e+00
109 173 1.000000000000000000e+00
109 236 1.000000000000000000e+00
110 94 1.000000000000000000e+00
110 109 1.000000000000000000e+00
110 118 1.000000000000000000e+00
110 174 1.000000000000000000e+00
111 95 1.000000000000000000e+00
111 119 1.000000000000000000e+00
111 175 1.000000000000000000e+00
111 238 1.000000000000000000e+00
112 104 1.000000000000000000e+00
112 112 1.000000000000000000e+00
112 176 1.000000000000000000e+00
113 105 1.000000000000000000e+00
113 114 1.000000000000000000e+00
113 177 1.000000000000000000e+00
113 240 1.000000000000000000e+00
114 106 1.000000000000000000e+00
114 113 1.000000000000000000e+00
114 116 1.000000000000000000e+00
114 178 1.000000000000000000e+00
115 107 1.000000000000000000e+00
115 117 1.000000000000000000e+00
115 179 1.000000000000000000e+00
115 242 1.000000000000000000e+00
116 108 1.000000000000000000e+00
116 114 1.000000000000000000e+00
116 120 1.000000000000000000e+00
116 180 1.000000000000000000e+00
117 109 1.000000000000000000e+00
117 115 1.000000000000000000e+00
117 117 -1.000000000000000000e+00
117 118 1.000000000000000000e+00
117 121 1.000000000000000000e+00
117 181 1.000000000000000000e+00
117 244 1.000000000000000000e+00
118 110 1.000000000000000000e+00
118 117 1.000000000000000000e+00
118 122 1.000000000000000000e+00
118 182 1.000000000000000000e+00
119 111 1.000000000000000000e+00
119 123 1.000000000000000000e+00
119 183 1.000000000000000000e+00
119 246 1.000000000000000000e+00
120 116 1.000000000000000000e+00
120 120 1.000000000000000000e+00
120 184 1.000000000000000000e+00
121 117 1.000000000000000000e+00
121 122 1.000000000000000000e+00
121 185 1.000000000000000000e+00
121 248 1.000000000000000000e+00
122 118 1.000000000000000000e+00
122 121 1.000000000000000000e+00
122 124 1.000000000000000000e+00
122 186 1.000000000000000000e+00
123 119 1.000000000000000000e+00
123 125 1.000000000000000000e+00
123 187 1.000000000000000000e+00
123 250 1.000000000000000000e+00
124 122 1.000000000000000000e+00
124 124 1.000000000000000000e+00
124 188 1.000000000000000000e+00
125 123 1.000000000000000000e+00
125 126 1.000000000000000000e+00
125 189 1.000000000000000000e+00
125 252 1.000000000000000000e+00
126 125 1.000000000000000000e+00
126 126 1.000000000000000000e+00
126 190 1.000000000000000000e+00
127 127 1.000000000000000000e+00
127 191 1.000000000000000000e+00
127 254 1.000000000000000000e+00
128 1 1.000000000000000000e+00
128 64 1.000000000000000000e+00
128 128 1.000000000000000000e+00
129 65 1.000000000000000000e+00
129 129 1.000000000000000000e+00
129 130 1.000000000000000000e+00
130 3 1.000000000000000000e+00
130 66 1.000000000000000000e+00
130 129 1.000000000000000000e+00
130 132 1.000000000000000000e+00
131 67 1.000000000000000000e+00
131 131 1.000000000000000000e+00
131 133 1.000000000000000000e+00
132 5 1.000000000000000000e+00
132 68 1.000000000000000000e+00
132 130 1.000000000000000000e+00
132 136 1.000000000000000000e+00
133 69 1.000000000000000000e+00
133 131 1.000000000000000000e+00
133 134 1.000000000000000000e+00
133 137 1.000000000000000000e+00
134 7 1.000000000000000000e+00
134 70 1.000000000000000000e+00
134 133 1.000000000000000000e+00
134 138 1.000000000000000000e+00
135 71 1.000000000000000000e+00
135 135 1.000000000000000000e+00
135 139 1.000000000000000000e+00
136 9 1.000000000000000000e+00
136 72 1.000000000000000000e+00
136 132 1.000000000000000000e+00
136 144 1.000000000000000000e+00
137 73 1.000000000000000000e+00
137 133 1.000000000000000000e+00
137 138 1.000000000000000000e+00
137 145 1.000000000000000000e+00
138 11 1.000000000000000000e+00
138 74 1.000000000000000000e+00
138 134 1.000000000000000000e+00
138 137 1.000000000000000000e+00
138 138 -1.000000000000000000e+00
138 140 1.000000000000000000e+00
138 146 1.000000000000000000e+00
139 75 1.000000000000000000e+00
139 135 1.000000000000000000e+00
139 141 1.000000000000000000e+00
139 147 1.000000000000000000e+00
140 13 1.000000000000000000e+00
140 76 1.000000000000000000e+00
140 138 1.000000000000000000e+00
140 148 1.000000000000000000e+00
141 77 1.000000000000000000e+00
141 139 1.000000000000000000e+00
141 142 1.000000000000000000e+00
141 149 1.000000000000000000e+00
142 15 1.000000000000000000e+00
142 78 1.000000000000000000e+00
142 141 1.000000000000000000e+00
142 150 1.000000000000000000e+00
143 79 1.000000000000000000e+00
143 143 1.000000000000000000e+00
143 151 1.000000000000000000e+00
144 17 1.000000000000000000e+00
144 80 1.000000000000000000e+00
144 136 1.000000000000000000e+00
144 160 1.000000000000000000e+00
145 81 1.000000000000000000e+00
145 137 1.000000000000000000e+00
145 146 1.000000000000000000e+00
145 161 1.000000000000000000e+00
146 19 1.000000000000000000e+00
146 82 1.000000000000000000e+00
146 138 1.000000000000000000e+00
146 145 1.000000000000000000e+00
146 146 -1.000000000000000000e+00
146 148 1.000000000000000000e+00
146 162 1.000000000000000000e+00
147 83 1.000000000000000000e+00
147 139 1.000000000000000000e+00
147 149 1.000000000000000000e+00
147 163 1.000000000000000000e+00
148 21 1.000000000000000000e+00
148 84 1.000000000000000000e+00
148 140 1.000000000000000000e+00
148 146 1.000000000000000000e+00
148 148 -1.000000000000000000e+00
148 152 1.000000000000000000e+00
148 164 1.000000000000000000e+00
149 85 1.000000000000000000e+00
149 141 1.000000000000000000e+00
149 147 1.000000000000000000e+00
149 149 -1.000000000000000000e+00
149 150 1.000000000000000000e+00
149 153 1.000000000000000000e+00
149 165 1.000000000000000000e+00
150 23 1.000000000000000000e+00
150 86 1.000000000000000000e+00
150 142 1.000000000000000000e+00
150 149 1.000000000000000000e+00
150 150 -1.000000000000000000e+00
150 154 1.000000000000000000e+00
150 166 1.000000000000000000e+00
151 87 1.000000000000000000e+00
151 143 1.000000000000000000e+00
151 155 1.000000000000000000e+00
151 167 1.000000000000000000e+00
152 25 1.000000000000000000e+00
152 88 1.000000000000000000e+00
152 148 1.000000000000000000e+00
152 168 1.000000000000000000e+00
153 89 1.000000000000000000e+00
153 149 1.000000000000000000e+00
153 154 1.000000000000000000e+00
153 169 1.000000000000000000e+00
154 27 1.000000000000000000e+00
154 90 1.000000000000000000e+00
154 150 1.000000000000000000e+00
154 153 1.000000000000000000e+00
154 154 -1.000000000000000000e+00
154 156 1.000000000000000000e+00
154 170 1.000000000000000000e+00
155 91 1.000000000000000000e+00
155 151 1.000000000000000000e+00
155 157 1.000000000000000000e+00
155 171 1.000000000000000000e+00
156 29 1.000000000000000000e+00
156 92 1.000000000000000000e+00
156 154 1.000000000000000000e+00
156 172 1.000000000000000000e+00
157 93 1.000000000000000000e+00
157 155 1.000000000000000000e+00
157 158 1.000000000000000000e+00
157 173 1.000000000000000000e+00
158 31 1.000000000000000000e+00
158 94 1.000000000000000000e+00
158 157 1.000000000000000000e+00
158 174 1.000000000000000000e+00
159 95 1.000000000000000000e+00
159 159 1.000000000000000000e+00
159 175 1.000000000000000000e+00
160 33 1.000000000000000000e+00
160 96 1.000000000000000000e+00
160 144 1.000000000000000000e+00
160 192 1.000000000000000000e+00
161 97 1.000000000000000000e+00
161 145 1.000000000000000000e+00
161 162 1.000000000000000000e+00
161 193 1.000000000000000000e+00
162 35 1.000000000000000000e+00
162 98 1.000000000000000000e+00
162 146 1.000000000000000000e+00
162 161 1.000000000000000000e+00
162 162 -1.000000000000000000e+00
162 164 1.000000000000000000e+00
162 194 1.000000000000000000e+00
163 99 1.000000000000000000e+00
163 147 1.000000000000000000e+00
163 165 1.000000000000000000e+00
163 195 1.000000000000000000e+00
164 37 1.000000000000000000e+00
164 100 1.000000000000000000e+00
164 148 1.000000000000000000e+00
164 162 1.000000000000000000e+00
164 164 -1.000000000000000000e+00
164 168 1.000000000000000000e+00
164 196 1.000000000000000000e+00
165 101 1.000000000000000000e+00
165 149 1.000000000000000000e+00
165 163 1.000000000000000000e+00
165 165 -1.000000000000000000e+00
165 166 1.000000000000000000e+00
165 169 1.000000000000000000e+00
165 197 1.000000000000000000e+00
166 39 1.000000000000000000e+00
166 102 1.000000000000000000e+00
166 150 1.000000000000000000e+00
166 165 1.000000000000000000e+00
166 166 -1.000000000000000000e+00
166 170 1.000000000000000000e+00
166 198 1.000000000000000000e+00
167 103 1.000000000000000000e+00
167 151 1.000000000000000000e+00
167 171 1.000000000000000000e+00
167 199 1.000000000000000000e+00
168 41 1.000000000000000000e+00
168 104 1.000000000000000000e+00
168 152 1.000000000000000000e+00
168 164 1.000000000000000000e+00
168 168 -1.000000000000000000e+00
168 176 1.000000000000000000e+00
168 200 1.000000000000000000e+00
169 105 1.000000000000000000e+00
169 153 1.000000000000000000e+00
169 165 1.000000000000000000e+00
169 169 -1.000000000000000000e+00
169 170 1.000000000000000000e+00
169 177 1.000000000000000000e+00
169 201 1.000000000000000000e+00
170 43 1.000000000000000000e+00
170 106 1.000000000000000000e+00
170 154 1.000000000000000000e+00
170 166 1.000000000000000000e+00
170 169 1.000000000000000000e+00
170 170 -2.000000000000000000e+00
170 172 1.000000000000000000e+00
170 178 1.000000000000000000e+00
170 202 1.000000000000000000e+00
171 107 1.000000000000000000e+00
171 155 1.000000000000000000e+00
171 167 1.000000000000000000e+00
171 171 -1.000000000000000000e+00
171 173 1.000000000000000000e+00
171 179 1.000000000000000000e+00
171 203 1.000000000000000000e+00
172 45 1.000000000000000000e+00
172 108 1.000000000000000000e+00
172 156 1.000000000000000000e+00
172 170 1.000000000000000000e+00
172 172 -1.000000000000000000e+00
172 180 1.000000000000000000e+00
172 204 1.000000000000000000e+00
173 109 1.000000000000000000e+00
173 157 1.000000000000000000e+00
173 171 1.000000000000000000e+00
173 173 -1.000000000000000000e+00
173 174 1.000000000000000000e+00
173 181 1.000000000000000000e+00
173 205 1.000000000000000000e+00
174 47 1.000000000000000000e+00
174 110 1.000000000000000000e+00
174 158 1.000000000000000000e+00
174 173 1.000000000000000000e+00
174 174 -1.000000000000000000e+00
174 182 1.000000000000000000e+00
174 206 1.000000000000000000e+00
175 111 1.000000000000000000e+00
175 159 1.000000000000000000e+00
175 183 1.000000000000000000e+00
175 207 1.000000000000000000e+00
176 49 1.000000000000000000e+00
176 112 1.000000000000000000e+00
176 168 1.000000000000000000e+00
176 208 1.000000000000000000e+00
177 113 1.000000000000000000e+00
177 169 1.000000000000000000e+00
177 178 1.000000000000000000e+00
177 209 1.000000000000000000e+00
178 51 1.000000000000000000e+00
178 114 1.000000000000000000e+00
178 170 1.000000000000000000e+00
178 177 1.000000000000000000e+00
178 178 -1.000000000000000000e+00
178 180 1.000000000000000000e+00
178 210 1.000000000000000000e+00
179 115 1.000000000000000000e+00
179 171 1.000000000000000000e+00
179 181 1.000000000000000000e+00
179 211 1.000000000000000000e+00
180 53 1.000000000000000000e+00
180 116 1.000000000000000000e+00
180 172 1.000000000000000000e+00
180 178 1.000000000000000000e+00
180 180 -1.000000000000000000e+00
180 184 1.000000000000000000e+00
180 212 1.000000000000000000e+00
181 117 1.000000000000000000e+00
181 173 1.000000000000000000e+00
181 179 1.000000000000000000e+00
181 181 -1.000000000000000000e+00
181 182 1.000000000000000000e+00
181 185 1.000000000000000000e+00
181 213 1.000000000000000000e+00
182 55 1.000000000000000000e+00
182 118 1.000000000000000000e+00
182 174 1.000000000000000000e+00
182 181 1.000000000000000000e+00
182 182 -1.000000000000000000e+00
182 186 1.000000000000000000e+00
182 214 1.000000000000000000e+00
183 119 1.000000000000000000e+00
183 175 1.000000000000000000e+00
183 187 1.000000000000000000e+00
183 215 1.000000000000000000e+00
184 57 1.000000000000000000e+00
184 120 1.000000000000000000e+00
184 180 1.000000000000000000e+00
184 216 1.000000000000000000e+00
185 121 1.000000000000000000e+00
185 181 1.000000000000000000e+00
185 186 1.000000000000000000e+00
185 217 1.000000000000000000e+00
186 59 1.000000000000000000e+00
186 122 1.000000000000000000e+00
186 182 1.000000000000000000e+00
186 185 1.000000000000000000e+00
186 186 -1.000000000000000000e+00
186 188 1.000000000000000000e+00
186 218 1.000000000000000000e+00
187 123 1.000000000000000000e+00
187 183 1.000000000000000000e+00
187 189 1.000000000000000000e+00
187 219 1.000000000000000000e+00
188 61 1.000000000000000000e+00
188 124 1.000000000000000000e+00
188 186 1.000000000000000000e+00
188 220 1.000000000000000000e+00
189 125 1.000000000000000000e+00
189 187 1.000000000000000000e+00
189 190 1.000000000000000000e+00
189 221 1.000000000000000000e+00
190 63 1.000000000000000000e+00
190 126 1.000000000000000000e+00
190 189 1.000000000000000000e+00
190 222 1.000000000000000000e+00
191 127 1.000000000000000000e+00
191 191 1.000000000000000000e+00
191 223 1.000000000000000000e+00
192 65 1.000000000000000000e+00
192 160 1.000000000000000000e+00
192 192 1.000000000000000000e+00
193 161 1.000000000000000000e+00
193 193 1.000000000000000000e+00
193 194 1.000000000000000000e+00
194 67 1.000000000000000000e+00
194 162 1.000000000000000000e+00
194 193 1.000000000000000000e+00
194 196 1.000000000000000000e+00
195 163 1.000000000000000000e+00
195 195 1.000000000000000000e+00
195 197 1.000000000000000000e+00
196 69 1.000000000000000000e+00
196 164 1.000000000000000000e+00
196 194 1.000000000000000000e+00
196 200 1.000000000000000000e+00
197 165 1.000000000000000000e+00
197 195 1.000000000000000000e+00
197 198 1.000000000000000000e+00
197 201 1.000000000000000000e+00
198 71 1.000000000000000000e+00
198 166 1.000000000000000000e+00
198 197 1.000000000000000000e+00
198 202 1.000000000000000000e+00
199 167 1.000000000000000000e+00
199 199 1.000000000000000000e+00
199 203 1.000000000000000000e+00
200 73 1.000000000000000000e+00
200 168 1.000000000000000000e+00
200 196 1.000000000000000000e+00
200 208 1.000000000000000000e+00
201 169 1.000000000000000000e+00
201 197 1.000000000000000000e+00
201 202 1.000000000000000000e+00
201 209 1.000000000000000000e+00
202 75 1.000000000000000000e+00
202 170 1.000000000000000000e+00
202 198 1.000000000000000000e+00
202 201 1.000000000000000000e+00
202 202 -1.000000000000000000e+00
202 204 1.000000000000000000e+00
202 210 1.000000000000000000e+00
203 171 1.000000000000000000e+00
203 199 1.000000000000000000e+00
203 205 1.000000000000000000e+00
203 211 1.000000000000000000e+00
204 77 1.000000000000000000e+00
204 172 1.000000000000000000e+00
204 202 1.000000000000000000e+00
204 212 1.000000000000000000e+00
205 173 1.000000000000000000e+00
205 203 1.000000000000000000e+00
205 206 1.000000000000000000e+00
205 213 1.000000000000000000e+00
206 79 1.000000000000000000e+00
206 174 1.000000000000000000e+00
206 205 1.000000000000000000e+00
206 214 1.000000000000000000e+00
207 175 1.000000000000000000e+00
207 207 1.000000000000000000e+00
207 215 1.000000000000000000e+00
208 81 1.000000000000000000e+00
208 176 1.000000000000000000e+00
208 200 1.000000000000000000e+00
208 224 1.000000000000000000e+00
209 177 1.000000000000000000e+00
209 201 1.000000000000000000e+00
209 210 1.000000000000000000e+00
209 225 1.000000000000000000e+00
210 83 1.000000000000000000e+00
210 178 1.000000000000000000e+00
210 202 1.000000000000000000e+00
210 209 1.000000000000000000e+00
210 210 -1.000000000000000000e+00
210 212 1.000000000000000000e+00
210 226 1.000000000000000000e+00
211 179 1.000000000000000000e+00
211 203 1.000000000000000000e+00
211 213 1.000000000000000000e+00
211 227 1.000000000000000000e+00
212 85 1.000000000000000000e+00
212 180 1.000000000000000000e+00
212 204 1.000000000000000000e+00
212 210 1.000000000000000000e+00
212 212 -1.000000000000000000e+00
212 216 1.000000000000000000e+00
212 228 1.000000000000000000e+00
213 181 1.000000000000000000e+00
213 205 1.000000000000000000e+00
213 211 1.000000000000000000e+00
213 213 -1.000000000000000000e+00
213 214 1.000000000000000000e+00
213 217 1.000000000000000000e+00
213 229 1.000000000000000000e+00
214 87 1.000000000000000000e+00
214 182 1.000000000000000000e+00
214 206 1.000000000000000000e+00
214 213 1.000000000000000000e+00
214 214 -1.000000000000000000e+00
214 218 1.000000000000000000e+00
214 230 1.000000000000000000e+00
215 183 1.000000000000000000e+00
215 207 1.000000000000000000e+00
215 219 1.000000000000000000e+00
215 231 1.000000000000000000e+00
216 89 1.000000000000000000e+00
216 184 1.000000000000000000e+00
216 212 1.000000000000000000e+00
216 232 1.000000000000000000e+00
217 185 1.000000000000000000e+00
217 213 1.000000000000000000e+00
217 218 1.000000000000000000e+00
217 233 1.000000000000000000e+00
218 91 1.000000000000000000e+00
218 186 1.000000000000000000e+00
218 214 1.000000000000000000e+00
218 217 1.000000000000000000e+00
218 218 -1.000000000000000000e+00
218 220 1.000000000000000000e+00
218 234 1.000000000000000000e+00
219 187 1.000000000000000000e+00
219 215 1.000000000000000000e+00
219 221 1.000000000000000000e+00
219 235 1.000000000000000000e+00
220 93 1.000000000000000000e+00
220 188 1.000000000000000000e+00
220 218 1.000000000000000000e+00
220 236 1.000000000000000000e+00
221 189 1.000000000000000000e+00
221 219 1.000000000000000000e+00
221 222 1.000000000000000000e+00
221 237 1.000000000000000000e+00
222 95 1.000000000000000000e+00
222 190 1.000000000000000000e+00
222 221 1.000000000000000000e+00
222 238 1.000000000000000000e+00
223 191 1.000000000000000000e+00
223 223 1.000000000000000000e+00
223 239 1.000000000000000000e+00
224 97 1.000000000000000000e+00
224 208 1.000000000000000000e+00
224 224 1.000000000000000000e+00
225 209 1.000000000000000000e+00
225 225 1.000000000000000000e+00
225 226 1.000000000000000000e+00
226 99 1.000000000000000000e+00
226 210 1.000000000000000000e+00
226 225 1.000000000000000000e+00
226 228 1.000000000000000000e+00
227 211 1.000000000000000000e+00
227 227 1.000000000000000000e+00
227 229 1.000000000000000000e+00
228 101 1.000000000000000000e+00
228 212 1.000000000000000000e+00
228 226 1.000000000000000000e+00
228 232 1.000000000000000000e+00
229 213 1.000000000000000000e+00
229 227 1.000000000000000000e+00
229 230 1.000000000000000000e+00
229 233 1.000000000000000000e+00
230 103 1.000000000000000000e+00
230 214 1.000000000000000000e+00
230 229 1.000000000000000000e+00
230 234 1.000000000000000000e+00
231 215 1.000000000000000000e+00
231 231 1.000000000000000000e+00
231 235 1.000000000000000000e+00
232 105 1.000000000000000000e+00
232 216 1.000000000000000000e+00
232 228 1.000000000000000000e+00
232 240 1.000000000000000000e+00
233 217 1.000000000000000000e+00
233 229 1.000000000000000000e+00
233 234 1.000000000000000000e+00
233 241 1.000000000000000000e+00
234 107 1.000000000000000000e+00
234 218 1.000000000000000000e+00
234 230 1.000000000000000000e+00
234 233 1.000000000000000000e+00
234 234 -1.000000000000000000e+00
234 236 1.000000000000000000e+00
234 242 1.000000000000000000e+00
235 219 1.000000000000000000e+00
235 231 1.000000000000000000e+00
235 237 1.000000000000000000e+00
235 243 1.000000000000000000e+00
236 109 1.000000000000000000e+00
236 220 1.000000000000000000e+00
236 234 1.000000000000000000e+00
236 244 1.000000000000000000e+00
237 221 1.000000000000000000e+00
237 235 1.000000000000000000e+00
237 238 1.000000000000000000e+00
237 245 1.000000000000000000e+00
238 111 1.000000000000000000e+00
238 222 1.000000000000000000e+00
238 237 1.000000000000000000e+00
238 246 1.000000000000000000e+00
239 223 1.000000000000000000e+00
239 239 1.000000000000000000e+00
239 247 1.000000000000000000e+00
240 113 1.000000000000000000e+00
240 232 1.000000000000000000e+00
240 240 1.000000000000000000e+00
241 233 1.000000000000000000e+00
241 241 1.000000000000000000e+00
241 242 1.000000000000000000e+00
242 115 1.000000000000000000e+00
242 234 1.000000000000000000e+00
242 241 1.000000000000000000e+00
242 244 1.000000000000000000e+00
243 235 1.000000000000000000e+00
243 243 1.000000000000000000e+00
243 245 1.000000000000000000e+00
244 117 1.000000000000000000e+00
244 236 1.000000000000000000e+00
244 242 1.000000000000000000e+00
244 248 1.000000000000000000e+00
245 237 1.000000000000000000e+00
245 243 1.000000000000000000e+00
245 246 1.000000000000000000e+00
245 249 1.000000000000000000e+00
246 119 1.000000000000000000e+00
246 238 1.000000000000000000e+00
246 245 1.000000000000000000e+00
246 250 1.000000000000000000e+00
247 239 1.000000000000000000e+00
247 247 1.000000000000000000e+00
247 251 1.000000000000000000e+00
248 121 1.000000000000000000e+00
248 244 1.000000000000000000e+00
248 248 1.000000000000000000e+00
249 245 1.000000000000000000e+00
249 249 1.000000000000000000e+00
249 250 1.000000000000000000e+00
250 123 1.000000000000000000e+00
250 246 1.000000000000000000e+00
250 249 1.000000000000000000e+00
250 252 1.000000000000000000e+00
251 247 1.000000000000000000e+00
251 251 1.000000000000000000e+00
251 253 1.000000000000000000e+00
252 125 1.000000000000000000e+00
252 250 1.000000000000000000e+00
252 252 1.000000000000000000e+00
253 251 1.000000000000000000e+00
253 253 1.000000000000000000e+00
253 254 1.000000000000000000e+00
254 127 1.000000000000000000e+00
254 253 1.000000000000000000e+00
254 254 1.000000000000000000e+00
255 255 2.000000000000000000e+00
