0 0 1.000000000000000000e+00
1 2 1.000000000000000000e+00
1 8 1.000000000000000000e+00
2 1 1.000000000000000000e+00
2 4 1.000000000000000000e+00
3 5 1.000000000000000000e+00
3 10 1.000000000000000000e+00
4 2 1.000000000000000000e+00
4 8 1.000000000000000000e+00
5 3 1.000000000000000000e+00
5 5 -1.000000000000000000e+00
5 6 1.000000000000000000e+00
5 9 1.000000000000000000e+00
5 12 1.000000000000000000e+00
6 5 1.000000000000000000e+00
6 10 1.000000000000000000e+00
7 11 1.000000000000000000e+00
7 14 1.000000000000000000e+00
8 1 1.000000000000000000e+00
8 4 1.000000000000000000e+00
9 5 1.000000000000000000e+00
9 10 1.000000000000000000e+00
10 3 1.000000000000000000e+00
10 6 1.000000000000000000e+00
10 9 1.000000000000000000e+00
10 10 -1.000000000000000000e+00
10 12 1.000000000000000000e+00
11 7 1.000000000000000000e+00
11 13 1.000000000000000000e+00
12 5 1.000000000000000000e+00
12 10 1.000000000000000000e+00
13 11 1.000000000000000000e+00
13 14 1.000000000000000000e+00
14 7 1.000000000000000000e+00
14 13 1.000000000000000000e+00
15 15 1.000000000000000000e+00
